----------------------------------------
Cach thu 1 de con ma di het ban co : 
36    21    26    29    2    19    

25    30    1    20    7    28    

22    35    24    27    18    3    

31    12    33    6    15    8    

34    23    10    13    4    17    

11    32    5    16    9    14    

----------------------------------------
Cach thu 2 de con ma di het ban co : 
36    23    26    29    2    17    

25    30    1    16    7    28    

22    35    24    27    18    3    

31    12    33    6    15    8    

34    21    10    13    4    19    

11    32    5    20    9    14    

----------------------------------------
Cach thu 3 de con ma di het ban co : 
36    31    14    23    2    29    

13    22    1    30    7    16    

32    35    24    15    28    3    

21    12    33    6    17    8    

34    25    10    19    4    27    

11    20    5    26    9    18    

----------------------------------------
Cach thu 4 de con ma di het ban co : 
36    27    14    23    2    29    

13    22    1    28    7    16    

26    35    24    15    30    3    

21    12    33    6    17    8    

34    25    10    19    4    31    

11    20    5    32    9    18    

----------------------------------------
Cach thu 5 de con ma di het ban co : 
36    25    14    23    2    27    

13    22    1    26    7    16    

32    35    24    15    28    3    

21    12    33    6    17    8    

34    31    10    19    4    29    

11    20    5    30    9    18    

----------------------------------------
Cach thu 6 de con ma di het ban co : 
36    25    14    23    2    31    

13    22    1    32    7    16    

26    35    24    15    30    3    

21    12    33    6    17    8    

34    27    10    19    4    29    

11    20    5    28    9    18    

----------------------------------------
Cach thu 7 de con ma di het ban co : 
36    21    14    17    2    23    

13    32    1    22    7    16    

20    35    18    15    24    3    

31    12    33    6    27    8    

34    19    10    29    4    25    

11    30    5    26    9    28    

----------------------------------------
Cach thu 8 de con ma di het ban co : 
36    19    14    17    2    25    

13    32    1    26    7    16    

20    35    18    15    24    3    

31    12    33    6    27    8    

34    21    10    29    4    23    

11    30    5    22    9    28    

----------------------------------------
Cach thu 9 de con ma di het ban co : 
36    23    14    17    2    25    

13    18    1    24    7    16    

22    35    20    15    26    3    

19    12    33    6    29    8    

34    21    10    31    4    27    

11    32    5    28    9    30    

----------------------------------------
Cach thu 10 de con ma di het ban co : 
36    21    14    17    2    27    

13    18    1    28    7    16    

22    35    20    15    26    3    

19    12    33    6    29    8    

34    23    10    31    4    25    

11    32    5    24    9    30    

----------------------------------------
Cach thu 11 de con ma di het ban co : 
36    29    14    17    2    27    

13    18    1    28    7    16    

32    35    30    15    26    3    

19    12    33    6    23    8    

34    31    10    21    4    25    

11    20    5    24    9    22    

----------------------------------------
Cach thu 12 de con ma di het ban co : 
36    31    14    17    2    29    

13    18    1    30    7    16    

32    35    24    15    28    3    

19    12    33    6    23    8    

34    25    10    21    4    27    

11    20    5    26    9    22    

----------------------------------------
Cach thu 13 de con ma di het ban co : 
36    27    14    17    2    29    

13    18    1    28    7    16    

26    35    24    15    30    3    

19    12    33    6    23    8    

34    25    10    21    4    31    

11    20    5    32    9    22    

----------------------------------------
Cach thu 14 de con ma di het ban co : 
36    25    14    17    2    27    

13    18    1    26    7    16    

32    35    24    15    28    3    

19    12    33    6    23    8    

34    31    10    21    4    29    

11    20    5    30    9    22    

----------------------------------------
Cach thu 15 de con ma di het ban co : 
36    25    14    17    2    31    

13    18    1    32    7    16    

26    35    24    15    30    3    

19    12    33    6    23    8    

34    27    10    21    4    29    

11    20    5    28    9    22    

----------------------------------------
Cach thu 16 de con ma di het ban co : 
36    31    14    17    2    25    

13    18    1    24    7    16    

32    35    30    15    26    3    

19    12    33    6    23    8    

34    29    10    21    4    27    

11    20    5    28    9    22    

----------------------------------------
Cach thu 17 de con ma di het ban co : 
36    31    14    17    2    29    

13    16    1    30    7    18    

32    35    24    15    28    3    

23    12    33    6    19    8    

34    25    10    21    4    27    

11    22    5    26    9    20    

----------------------------------------
Cach thu 18 de con ma di het ban co : 
36    27    14    17    2    29    

13    16    1    28    7    18    

26    35    24    15    30    3    

23    12    33    6    19    8    

34    25    10    21    4    31    

11    22    5    32    9    20    

----------------------------------------
Cach thu 19 de con ma di het ban co : 
36    25    14    17    2    27    

13    16    1    26    7    18    

32    35    24    15    28    3    

23    12    33    6    19    8    

34    31    10    21    4    29    

11    22    5    30    9    20    

----------------------------------------
Cach thu 20 de con ma di het ban co : 
36    25    14    17    2    31    

13    16    1    32    7    18    

26    35    24    15    30    3    

23    12    33    6    19    8    

34    27    10    21    4    29    

11    22    5    28    9    20    

----------------------------------------
Cach thu 21 de con ma di het ban co : 
36    31    14    23    2    29    

13    16    1    30    7    22    

32    35    24    15    28    3    

17    12    33    6    21    8    

34    25    10    19    4    27    

11    18    5    26    9    20    

----------------------------------------
Cach thu 22 de con ma di het ban co : 
36    27    14    23    2    29    

13    16    1    28    7    22    

26    35    24    15    30    3    

17    12    33    6    21    8    

34    25    10    19    4    31    

11    18    5    32    9    20    

----------------------------------------
Cach thu 23 de con ma di het ban co : 
36    25    14    23    2    27    

13    16    1    26    7    22    

32    35    24    15    28    3    

17    12    33    6    21    8    

34    31    10    19    4    29    

11    18    5    30    9    20    

----------------------------------------
Cach thu 24 de con ma di het ban co : 
36    25    14    23    2    31    

13    16    1    32    7    22    

26    35    24    15    30    3    

17    12    33    6    21    8    

34    27    10    19    4    29    

11    18    5    28    9    20    

----------------------------------------
Cach thu 25 de con ma di het ban co : 
36    11    26    29    2    13    

25    30    1    12    7    28    

10    35    8    27    14    3    

31    24    33    6    17    20    

34    9    22    19    4    15    

23    32    5    16    21    18    

----------------------------------------
Cach thu 26 de con ma di het ban co : 
36    9    26    29    2    15    

25    30    1    16    7    28    

10    35    8    27    14    3    

31    24    33    6    17    20    

34    11    22    19    4    13    

23    32    5    12    21    18    

----------------------------------------
Cach thu 27 de con ma di het ban co : 
36    13    8    29    2    15    

9    30    1    14    7    28    

12    35    10    27    16    3    

31    26    33    6    19    22    

34    11    24    21    4    17    

25    32    5    18    23    20    

----------------------------------------
Cach thu 28 de con ma di het ban co : 
36    13    8    29    2    15    

9    30    1    14    7    28    

12    35    10    27    16    3    

31    22    33    6    19    26    

34    11    24    21    4    17    

23    32    5    18    25    20    

----------------------------------------
Cach thu 29 de con ma di het ban co : 
36    11    8    29    2    17    

9    30    1    18    7    28    

12    35    10    27    16    3    

31    26    33    6    19    22    

34    13    24    21    4    15    

25    32    5    14    23    20    

----------------------------------------
Cach thu 30 de con ma di het ban co : 
36    11    8    29    2    17    

9    30    1    18    7    28    

12    35    10    27    16    3    

31    22    33    6    19    26    

34    13    24    21    4    15    

23    32    5    14    25    20    

----------------------------------------
Cach thu 31 de con ma di het ban co : 
36    23    8    27    2    21    

9    30    1    22    7    28    

24    35    26    29    20    3    

31    10    33    6    17    14    

34    25    12    15    4    19    

11    32    5    18    13    16    

----------------------------------------
Cach thu 32 de con ma di het ban co : 
36    25    8    27    2    19    

9    30    1    18    7    28    

24    35    26    29    20    3    

31    10    33    6    17    14    

34    23    12    15    4    21    

11    32    5    22    13    16    

----------------------------------------
Cach thu 33 de con ma di het ban co : 
36    31    8    23    2    29    

9    22    1    30    7    16    

32    35    24    15    28    3    

21    10    33    6    17    14    

34    25    12    19    4    27    

11    20    5    26    13    18    

----------------------------------------
Cach thu 34 de con ma di het ban co : 
36    27    8    23    2    29    

9    22    1    28    7    16    

26    35    24    15    30    3    

21    10    33    6    17    14    

34    25    12    19    4    31    

11    20    5    32    13    18    

----------------------------------------
Cach thu 35 de con ma di het ban co : 
36    25    8    23    2    27    

9    22    1    26    7    16    

32    35    24    15    28    3    

21    10    33    6    17    14    

34    31    12    19    4    29    

11    20    5    30    13    18    

----------------------------------------
Cach thu 36 de con ma di het ban co : 
36    25    8    23    2    31    

9    22    1    32    7    16    

26    35    24    15    30    3    

21    10    33    6    17    14    

34    27    12    19    4    29    

11    20    5    28    13    18    

----------------------------------------
Cach thu 37 de con ma di het ban co : 
36    21    8    17    2    23    

9    32    1    22    7    16    

20    35    18    15    24    3    

31    10    33    6    27    14    

34    19    12    29    4    25    

11    30    5    26    13    28    

----------------------------------------
Cach thu 38 de con ma di het ban co : 
36    19    8    17    2    25    

9    32    1    26    7    16    

20    35    18    15    24    3    

31    10    33    6    27    14    

34    21    12    29    4    23    

11    30    5    22    13    28    

----------------------------------------
Cach thu 39 de con ma di het ban co : 
36    23    8    17    2    25    

9    18    1    24    7    16    

22    35    20    15    26    3    

19    10    33    6    29    14    

34    21    12    31    4    27    

11    32    5    28    13    30    

----------------------------------------
Cach thu 40 de con ma di het ban co : 
36    21    8    17    2    27    

9    18    1    28    7    16    

22    35    20    15    26    3    

19    10    33    6    29    14    

34    23    12    31    4    25    

11    32    5    24    13    30    

----------------------------------------
Cach thu 41 de con ma di het ban co : 
36    29    8    17    2    27    

9    18    1    28    7    16    

32    35    30    15    26    3    

19    10    33    6    23    14    

34    31    12    21    4    25    

11    20    5    24    13    22    

----------------------------------------
Cach thu 42 de con ma di het ban co : 
36    31    8    17    2    29    

9    18    1    30    7    16    

32    35    24    15    28    3    

19    10    33    6    23    14    

34    25    12    21    4    27    

11    20    5    26    13    22    

----------------------------------------
Cach thu 43 de con ma di het ban co : 
36    27    8    17    2    29    

9    18    1    28    7    16    

26    35    24    15    30    3    

19    10    33    6    23    14    

34    25    12    21    4    31    

11    20    5    32    13    22    

----------------------------------------
Cach thu 44 de con ma di het ban co : 
36    25    8    17    2    27    

9    18    1    26    7    16    

32    35    24    15    28    3    

19    10    33    6    23    14    

34    31    12    21    4    29    

11    20    5    30    13    22    

----------------------------------------
Cach thu 45 de con ma di het ban co : 
36    25    8    17    2    31    

9    18    1    32    7    16    

26    35    24    15    30    3    

19    10    33    6    23    14    

34    27    12    21    4    29    

11    20    5    28    13    22    

----------------------------------------
Cach thu 46 de con ma di het ban co : 
36    31    8    17    2    25    

9    18    1    24    7    16    

32    35    30    15    26    3    

19    10    33    6    23    14    

34    29    12    21    4    27    

11    20    5    28    13    22    

----------------------------------------
Cach thu 47 de con ma di het ban co : 
36    31    8    17    2    29    

9    16    1    30    7    18    

32    35    24    15    28    3    

23    10    33    6    19    14    

34    25    12    21    4    27    

11    22    5    26    13    20    

----------------------------------------
Cach thu 48 de con ma di het ban co : 
36    27    8    17    2    29    

9    16    1    28    7    18    

26    35    24    15    30    3    

23    10    33    6    19    14    

34    25    12    21    4    31    

11    22    5    32    13    20    

----------------------------------------
Cach thu 49 de con ma di het ban co : 
36    25    8    17    2    27    

9    16    1    26    7    18    

32    35    24    15    28    3    

23    10    33    6    19    14    

34    31    12    21    4    29    

11    22    5    30    13    20    

----------------------------------------
Cach thu 50 de con ma di het ban co : 
36    25    8    17    2    31    

9    16    1    32    7    18    

26    35    24    15    30    3    

23    10    33    6    19    14    

34    27    12    21    4    29    

11    22    5    28    13    20    

----------------------------------------
Cach thu 51 de con ma di het ban co : 
36    31    8    23    2    29    

9    16    1    30    7    22    

32    35    24    15    28    3    

17    10    33    6    21    14    

34    25    12    19    4    27    

11    18    5    26    13    20    

----------------------------------------
Cach thu 52 de con ma di het ban co : 
36    27    8    23    2    29    

9    16    1    28    7    22    

26    35    24    15    30    3    

17    10    33    6    21    14    

34    25    12    19    4    31    

11    18    5    32    13    20    

----------------------------------------
Cach thu 53 de con ma di het ban co : 
36    25    8    23    2    27    

9    16    1    26    7    22    

32    35    24    15    28    3    

17    10    33    6    21    14    

34    31    12    19    4    29    

11    18    5    30    13    20    

----------------------------------------
Cach thu 54 de con ma di het ban co : 
36    25    8    23    2    31    

9    16    1    32    7    22    

26    35    24    15    30    3    

17    10    33    6    21    14    

34    27    12    19    4    29    

11    18    5    28    13    20    

----------------------------------------
Cach thu 55 de con ma di het ban co : 
36    15    26    29    2    13    

25    30    1    14    19    28    

16    35    18    27    12    3    

31    24    33    6    9    20    

34    17    22    11    4    7    

23    32    5    8    21    10    

----------------------------------------
Cach thu 56 de con ma di het ban co : 
36    15    20    29    2    13    

21    30    1    14    19    28    

16    35    18    27    12    3    

31    22    33    6    9    26    

34    17    24    11    4    7    

23    32    5    8    25    10    

----------------------------------------
Cach thu 57 de con ma di het ban co : 
36    15    20    29    2    13    

19    30    1    14    21    28    

16    35    18    27    12    3    

31    26    33    6    9    22    

34    17    24    11    4    7    

25    32    5    8    23    10    

----------------------------------------
Cach thu 58 de con ma di het ban co : 
36    15    26    29    2    13    

19    30    1    14    25    28    

16    35    18    27    12    3    

31    20    33    6    9    24    

34    17    22    11    4    7    

21    32    5    8    23    10    

----------------------------------------
Cach thu 59 de con ma di het ban co : 
36    23    18    27    2    25    

17    30    1    24    19    28    

22    35    20    29    26    3    

31    16    33    6    9    12    

34    21    14    11    4    7    

15    32    5    8    13    10    

----------------------------------------
Cach thu 60 de con ma di het ban co : 
36    29    24    15    2    31    

23    14    1    30    25    16    

28    35    26    17    32    3    

13    22    33    6    9    18    

34    27    20    11    4    7    

21    12    5    8    19    10    

----------------------------------------
Cach thu 61 de con ma di het ban co : 
36    29    24    15    2    31    

25    14    1    30    23    16    

28    35    26    17    32    3    

13    18    33    6    9    22    

34    27    20    11    4    7    

19    12    5    8    21    10    

----------------------------------------
Cach thu 62 de con ma di het ban co : 
36    29    18    15    2    31    

25    14    1    30    19    16    

28    35    26    17    32    3    

13    24    33    6    9    20    

34    27    22    11    4    7    

23    12    5    8    21    10    

----------------------------------------
Cach thu 63 de con ma di het ban co : 
36    29    18    15    2    31    

19    14    1    30    25    16    

28    35    26    17    32    3    

13    20    33    6    9    24    

34    27    22    11    4    7    

21    12    5    8    23    10    

----------------------------------------
Cach thu 64 de con ma di het ban co : 
36    23    18    27    2    25    

19    30    1    24    17    28    

22    35    20    29    26    3    

31    12    33    6    9    16    

34    21    14    11    4    7    

13    32    5    8    15    10    

----------------------------------------
Cach thu 65 de con ma di het ban co : 
36    31    18    27    2    29    

17    26    1    30    11    20    

32    35    10    19    28    3    

25    16    33    6    21    12    

34    9    14    23    4    7    

15    24    5    8    13    22    

----------------------------------------
Cach thu 66 de con ma di het ban co : 
36    31    18    27    2    29    

17    20    1    30    11    26    

32    35    10    19    28    3    

21    16    33    6    25    12    

34    9    14    23    4    7    

15    22    5    8    13    24    

----------------------------------------
Cach thu 67 de con ma di het ban co : 
36    31    12    27    2    29    

13    26    1    30    11    20    

32    35    10    19    28    3    

25    14    33    6    21    18    

34    9    16    23    4    7    

15    24    5    8    17    22    

----------------------------------------
Cach thu 68 de con ma di het ban co : 
36    31    12    27    2    29    

13    20    1    30    11    26    

32    35    10    19    28    3    

21    14    33    6    25    18    

34    9    16    23    4    7    

15    22    5    8    17    24    

----------------------------------------
Cach thu 69 de con ma di het ban co : 
36    31    12    27    2    29    

11    26    1    30    13    20    

32    35    10    19    28    3    

25    18    33    6    21    14    

34    9    16    23    4    7    

17    24    5    8    15    22    

----------------------------------------
Cach thu 70 de con ma di het ban co : 
36    31    12    27    2    29    

11    20    1    30    13    26    

32    35    10    19    28    3    

21    18    33    6    25    14    

34    9    16    23    4    7    

17    22    5    8    15    24    

----------------------------------------
Cach thu 71 de con ma di het ban co : 
36    31    18    27    2    29    

11    26    1    30    17    20    

32    35    10    19    28    3    

25    12    33    6    21    16    

34    9    14    23    4    7    

13    24    5    8    15    22    

----------------------------------------
Cach thu 72 de con ma di het ban co : 
36    31    18    27    2    29    

11    20    1    30    17    26    

32    35    10    19    28    3    

21    12    33    6    25    16    

34    9    14    23    4    7    

13    22    5    8    15    24    

----------------------------------------
Cach thu 73 de con ma di het ban co : 
36    11    26    29    2    13    

25    30    1    12    27    18    

10    35    28    19    14    3    

31    24    33    6    17    20    

34    9    22    15    4    7    

23    32    5    8    21    16    

----------------------------------------
Cach thu 74 de con ma di het ban co : 
36    11    26    29    2    13    

27    30    1    12    25    18    

10    35    28    19    14    3    

31    20    33    6    17    24    

34    9    22    15    4    7    

21    32    5    8    23    16    

----------------------------------------
Cach thu 75 de con ma di het ban co : 
36    11    20    29    2    13    

27    30    1    12    21    18    

10    35    28    19    14    3    

31    26    33    6    17    22    

34    9    24    15    4    7    

25    32    5    8    23    16    

----------------------------------------
Cach thu 76 de con ma di het ban co : 
36    11    20    29    2    13    

21    30    1    12    27    18    

10    35    28    19    14    3    

31    22    33    6    17    26    

34    9    24    15    4    7    

23    32    5    8    25    16    

----------------------------------------
Cach thu 77 de con ma di het ban co : 
36    11    28    19    2    13    

27    30    1    12    21    18    

10    35    20    29    14    3    

31    26    33    6    17    22    

34    9    24    15    4    7    

25    32    5    8    23    16    

----------------------------------------
Cach thu 78 de con ma di het ban co : 
36    11    22    19    2    13    

23    30    1    12    21    18    

10    35    20    29    14    3    

31    24    33    6    17    28    

34    9    26    15    4    7    

25    32    5    8    27    16    

----------------------------------------
Cach thu 79 de con ma di het ban co : 
36    11    22    19    2    13    

21    30    1    12    23    18    

10    35    20    29    14    3    

31    28    33    6    17    24    

34    9    26    15    4    7    

27    32    5    8    25    16    

----------------------------------------
Cach thu 80 de con ma di het ban co : 
36    11    28    19    2    13    

21    30    1    12    27    18    

10    35    20    29    14    3    

31    22    33    6    17    26    

34    9    24    15    4    7    

23    32    5    8    25    16    

----------------------------------------
Cach thu 81 de con ma di het ban co : 
36    11    28    19    2    13    

27    20    1    12    29    18    

10    35    30    21    14    3    

31    26    33    6    17    22    

34    9    24    15    4    7    

25    32    5    8    23    16    

----------------------------------------
Cach thu 82 de con ma di het ban co : 
36    11    28    19    2    13    

29    20    1    12    27    18    

10    35    30    21    14    3    

31    22    33    6    17    26    

34    9    24    15    4    7    

23    32    5    8    25    16    

----------------------------------------
Cach thu 83 de con ma di het ban co : 
36    11    22    19    2    13    

29    20    1    12    23    18    

10    35    30    21    14    3    

31    28    33    6    17    24    

34    9    26    15    4    7    

27    32    5    8    25    16    

----------------------------------------
Cach thu 84 de con ma di het ban co : 
36    11    22    19    2    13    

23    20    1    12    29    18    

10    35    30    21    14    3    

31    24    33    6    17    28    

34    9    26    15    4    7    

25    32    5    8    27    16    

----------------------------------------
Cach thu 85 de con ma di het ban co : 
36    11    26    29    2    13    

25    30    1    12    19    28    

10    35    18    27    14    3    

31    24    33    6    17    20    

34    9    22    15    4    7    

23    32    5    8    21    16    

----------------------------------------
Cach thu 86 de con ma di het ban co : 
36    11    20    29    2    13    

21    30    1    12    19    28    

10    35    18    27    14    3    

31    22    33    6    17    26    

34    9    24    15    4    7    

23    32    5    8    25    16    

----------------------------------------
Cach thu 87 de con ma di het ban co : 
36    11    20    29    2    13    

19    30    1    12    21    28    

10    35    18    27    14    3    

31    26    33    6    17    22    

34    9    24    15    4    7    

25    32    5    8    23    16    

----------------------------------------
Cach thu 88 de con ma di het ban co : 
36    11    26    29    2    13    

19    30    1    12    25    28    

10    35    18    27    14    3    

31    20    33    6    17    24    

34    9    22    15    4    7    

21    32    5    8    23    16    

----------------------------------------
Cach thu 89 de con ma di het ban co : 
36    11    28    15    2    13    

25    30    1    12    27    16    

10    35    26    29    14    3    

31    24    33    6    17    20    

34    9    22    19    4    7    

23    32    5    8    21    18    

----------------------------------------
Cach thu 90 de con ma di het ban co : 
36    11    30    15    2    13    

29    32    1    12    23    16    

10    35    22    31    14    3    

21    28    33    6    17    24    

34    9    26    19    4    7    

27    20    5    8    25    18    

----------------------------------------
Cach thu 91 de con ma di het ban co : 
36    11    24    15    2    13    

25    32    1    12    23    16    

10    35    22    31    14    3    

21    26    33    6    17    30    

34    9    28    19    4    7    

27    20    5    8    29    18    

----------------------------------------
Cach thu 92 de con ma di het ban co : 
36    11    24    15    2    13    

23    32    1    12    25    16    

10    35    22    31    14    3    

21    30    33    6    17    26    

34    9    28    19    4    7    

29    20    5    8    27    18    

----------------------------------------
Cach thu 93 de con ma di het ban co : 
36    11    30    15    2    13    

23    32    1    12    29    16    

10    35    22    31    14    3    

21    24    33    6    17    28    

34    9    26    19    4    7    

25    20    5    8    27    18    

----------------------------------------
Cach thu 94 de con ma di het ban co : 
36    11    28    15    2    13    

27    30    1    12    25    16    

10    35    26    29    14    3    

31    20    33    6    17    24    

34    9    22    19    4    7    

21    32    5    8    23    18    

----------------------------------------
Cach thu 95 de con ma di het ban co : 
36    11    28    15    2    13    

27    30    1    12    21    16    

10    35    20    29    14    3    

31    26    33    6    17    22    

34    9    24    19    4    7    

25    32    5    8    23    18    

----------------------------------------
Cach thu 96 de con ma di het ban co : 
36    11    22    15    2    13    

23    30    1    12    21    16    

10    35    20    29    14    3    

31    24    33    6    17    28    

34    9    26    19    4    7    

25    32    5    8    27    18    

----------------------------------------
Cach thu 97 de con ma di het ban co : 
36    11    22    15    2    13    

21    30    1    12    23    16    

10    35    20    29    14    3    

31    28    33    6    17    24    

34    9    26    19    4    7    

27    32    5    8    25    18    

----------------------------------------
Cach thu 98 de con ma di het ban co : 
36    11    28    15    2    13    

21    30    1    12    27    16    

10    35    20    29    14    3    

31    22    33    6    17    26    

34    9    24    19    4    7    

23    32    5    8    25    18    

----------------------------------------
Cach thu 99 de con ma di het ban co : 
36    11    24    15    2    13    

23    32    1    12    25    16    

10    35    26    17    14    3    

31    22    33    6    27    18    

34    9    20    29    4    7    

21    30    5    8    19    28    

----------------------------------------
Cach thu 100 de con ma di het ban co : 
36    11    24    15    2    13    

25    32    1    12    23    16    

10    35    26    17    14    3    

31    18    33    6    27    22    

34    9    20    29    4    7    

19    30    5    8    21    28    

----------------------------------------
Cach thu 101 de con ma di het ban co : 
36    11    18    15    2    13    

25    32    1    12    19    16    

10    35    26    17    14    3    

31    24    33    6    27    20    

34    9    22    29    4    7    

23    30    5    8    21    28    

----------------------------------------
Cach thu 102 de con ma di het ban co : 
36    11    18    15    2    13    

19    32    1    12    25    16    

10    35    26    17    14    3    

31    20    33    6    27    24    

34    9    22    29    4    7    

21    30    5    8    23    28    

----------------------------------------
Cach thu 103 de con ma di het ban co : 
36    11    24    15    2    13    

23    32    1    12    17    26    

10    35    16    25    14    3    

31    22    33    6    27    18    

34    9    20    29    4    7    

21    30    5    8    19    28    

----------------------------------------
Cach thu 104 de con ma di het ban co : 
36    11    18    15    2    13    

19    30    1    12    17    28    

10    35    16    29    14    3    

31    20    33    6    27    24    

34    9    22    25    4    7    

21    32    5    8    23    26    

----------------------------------------
Cach thu 105 de con ma di het ban co : 
36    11    18    15    2    13    

19    32    1    12    17    26    

10    35    16    25    14    3    

31    20    33    6    27    24    

34    9    22    29    4    7    

21    30    5    8    23    28    

----------------------------------------
Cach thu 106 de con ma di het ban co : 
36    11    18    15    2    13    

17    32    1    12    19    26    

10    35    16    25    14    3    

31    24    33    6    27    20    

34    9    22    29    4    7    

23    30    5    8    21    28    

----------------------------------------
Cach thu 107 de con ma di het ban co : 
36    11    18    15    2    13    

17    30    1    12    19    28    

10    35    16    29    14    3    

31    24    33    6    27    20    

34    9    22    25    4    7    

23    32    5    8    21    26    

----------------------------------------
Cach thu 108 de con ma di het ban co : 
36    11    24    15    2    13    

17    32    1    12    23    26    

10    35    16    25    14    3    

31    18    33    6    27    22    

34    9    20    29    4    7    

19    30    5    8    21    28    

----------------------------------------
Cach thu 109 de con ma di het ban co : 
36    11    28    15    2    13    

27    16    1    12    29    18    

10    35    30    17    14    3    

31    26    33    6    19    22    

34    9    24    21    4    7    

25    32    5    8    23    20    

----------------------------------------
Cach thu 110 de con ma di het ban co : 
36    11    28    15    2    13    

29    16    1    12    27    18    

10    35    30    17    14    3    

31    22    33    6    19    26    

34    9    24    21    4    7    

23    32    5    8    25    20    

----------------------------------------
Cach thu 111 de con ma di het ban co : 
36    11    26    15    2    13    

25    16    1    12    19    28    

10    35    18    27    14    3    

17    24    33    6    29    20    

34    9    22    31    4    7    

23    32    5    8    21    30    

----------------------------------------
Cach thu 112 de con ma di het ban co : 
36    11    20    15    2    13    

21    16    1    12    19    28    

10    35    18    27    14    3    

17    22    33    6    29    26    

34    9    24    31    4    7    

23    32    5    8    25    30    

----------------------------------------
Cach thu 113 de con ma di het ban co : 
36    11    20    15    2    13    

19    16    1    12    21    28    

10    35    18    27    14    3    

17    26    33    6    29    22    

34    9    24    31    4    7    

25    32    5    8    23    30    

----------------------------------------
Cach thu 114 de con ma di het ban co : 
36    11    26    15    2    13    

19    16    1    12    25    28    

10    35    18    27    14    3    

17    20    33    6    29    24    

34    9    22    31    4    7    

21    32    5    8    23    30    

----------------------------------------
Cach thu 115 de con ma di het ban co : 
36    11    20    29    2    31    

19    28    1    32    13    22    

10    35    12    21    30    3    

27    18    33    6    23    14    

34    9    16    25    4    7    

17    26    5    8    15    24    

----------------------------------------
Cach thu 116 de con ma di het ban co : 
36    11    20    23    2    25    

19    32    1    26    13    22    

10    35    12    21    24    3    

31    18    33    6    27    14    

34    9    16    29    4    7    

17    30    5    8    15    28    

----------------------------------------
Cach thu 117 de con ma di het ban co : 
36    11    20    23    2    31    

19    24    1    30    13    22    

10    35    12    21    32    3    

25    18    33    6    29    14    

34    9    16    27    4    7    

17    26    5    8    15    28    

----------------------------------------
Cach thu 118 de con ma di het ban co : 
36    11    20    29    2    31    

19    22    1    32    13    28    

10    35    12    21    30    3    

23    18    33    6    27    14    

34    9    16    25    4    7    

17    24    5    8    15    26    

----------------------------------------
Cach thu 119 de con ma di het ban co : 
36    11    14    27    2    25    

15    30    1    24    13    28    

10    35    12    29    26    3    

31    16    33    6    23    20    

34    9    18    21    4    7    

17    32    5    8    19    22    

----------------------------------------
Cach thu 120 de con ma di het ban co : 
36    11    14    29    2    31    

15    28    1    32    13    22    

10    35    12    21    30    3    

27    16    33    6    23    20    

34    9    18    25    4    7    

17    26    5    8    19    24    

----------------------------------------
Cach thu 121 de con ma di het ban co : 
36    11    14    23    2    25    

15    32    1    26    13    22    

10    35    12    21    24    3    

31    16    33    6    27    20    

34    9    18    29    4    7    

17    30    5    8    19    28    

----------------------------------------
Cach thu 122 de con ma di het ban co : 
36    11    14    23    2    31    

15    24    1    30    13    22    

10    35    12    21    32    3    

25    16    33    6    29    20    

34    9    18    27    4    7    

17    26    5    8    19    28    

----------------------------------------
Cach thu 123 de con ma di het ban co : 
36    11    14    29    2    31    

15    22    1    32    13    28    

10    35    12    21    30    3    

23    16    33    6    27    20    

34    9    18    25    4    7    

17    24    5    8    19    26    

----------------------------------------
Cach thu 124 de con ma di het ban co : 
36    11    14    29    2    31    

13    28    1    32    15    22    

10    35    12    21    30    3    

27    20    33    6    23    16    

34    9    18    25    4    7    

19    26    5    8    17    24    

----------------------------------------
Cach thu 125 de con ma di het ban co : 
36    11    14    23    2    25    

13    32    1    26    15    22    

10    35    12    21    24    3    

31    20    33    6    27    16    

34    9    18    29    4    7    

19    30    5    8    17    28    

----------------------------------------
Cach thu 126 de con ma di het ban co : 
36    11    14    23    2    31    

13    24    1    30    15    22    

10    35    12    21    32    3    

25    20    33    6    29    16    

34    9    18    27    4    7    

19    26    5    8    17    28    

----------------------------------------
Cach thu 127 de con ma di het ban co : 
36    11    14    29    2    31    

13    22    1    32    15    28    

10    35    12    21    30    3    

23    20    33    6    27    16    

34    9    18    25    4    7    

19    24    5    8    17    26    

----------------------------------------
Cach thu 128 de con ma di het ban co : 
36    11    14    27    2    25    

13    30    1    24    15    28    

10    35    12    29    26    3    

31    20    33    6    23    16    

34    9    18    21    4    7    

19    32    5    8    17    22    

----------------------------------------
Cach thu 129 de con ma di het ban co : 
36    11    20    29    2    31    

13    28    1    32    19    22    

10    35    12    21    30    3    

27    14    33    6    23    18    

34    9    16    25    4    7    

15    26    5    8    17    24    

----------------------------------------
Cach thu 130 de con ma di het ban co : 
36    11    20    23    2    25    

13    32    1    26    19    22    

10    35    12    21    24    3    

31    14    33    6    27    18    

34    9    16    29    4    7    

15    30    5    8    17    28    

----------------------------------------
Cach thu 131 de con ma di het ban co : 
36    11    20    23    2    31    

13    24    1    30    19    22    

10    35    12    21    32    3    

25    14    33    6    29    18    

34    9    16    27    4    7    

15    26    5    8    17    28    

----------------------------------------
Cach thu 132 de con ma di het ban co : 
36    11    20    29    2    31    

13    22    1    32    19    28    

10    35    12    21    30    3    

23    14    33    6    27    18    

34    9    16    25    4    7    

15    24    5    8    17    26    

----------------------------------------
Cach thu 133 de con ma di het ban co : 
36    29    26    17    2    9    

25    16    1    10    27    18    

30    35    28    19    8    3    

15    24    33    6    11    20    

34    31    22    13    4    7    

23    14    5    32    21    12    

----------------------------------------
Cach thu 134 de con ma di het ban co : 
36    29    26    17    2    9    

27    16    1    10    25    18    

30    35    28    19    8    3    

15    20    33    6    11    24    

34    31    22    13    4    7    

21    14    5    32    23    12    

----------------------------------------
Cach thu 135 de con ma di het ban co : 
36    29    20    17    2    9    

27    16    1    10    21    18    

30    35    28    19    8    3    

15    26    33    6    11    22    

34    31    24    13    4    7    

25    14    5    32    23    12    

----------------------------------------
Cach thu 136 de con ma di het ban co : 
36    29    20    17    2    9    

21    16    1    10    27    18    

30    35    28    19    8    3    

15    22    33    6    11    26    

34    31    24    13    4    7    

23    14    5    32    25    12    

----------------------------------------
Cach thu 137 de con ma di het ban co : 
36    11    20    23    2    9    

19    24    1    10    13    22    

32    35    12    21    8    3    

25    18    33    6    29    14    

34    31    16    27    4    7    

17    26    5    30    15    28    

----------------------------------------
Cach thu 138 de con ma di het ban co : 
36    11    14    23    2    9    

15    24    1    10    13    22    

32    35    12    21    8    3    

25    16    33    6    29    20    

34    31    18    27    4    7    

17    26    5    30    19    28    

----------------------------------------
Cach thu 139 de con ma di het ban co : 
36    11    14    23    2    9    

13    24    1    10    15    22    

32    35    12    21    8    3    

25    20    33    6    29    16    

34    31    18    27    4    7    

19    26    5    30    17    28    

----------------------------------------
Cach thu 140 de con ma di het ban co : 
36    11    20    23    2    9    

13    24    1    10    19    22    

32    35    12    21    8    3    

25    14    33    6    29    18    

34    31    16    27    4    7    

15    26    5    30    17    28    

----------------------------------------
Cach thu 141 de con ma di het ban co : 
36    11    22    25    2    9    

21    26    1    10    15    24    

12    35    14    23    8    3    

27    20    33    6    31    16    

34    13    18    29    4    7    

19    28    5    32    17    30    

----------------------------------------
Cach thu 142 de con ma di het ban co : 
36    11    16    25    2    9    

17    26    1    10    15    24    

12    35    14    23    8    3    

27    18    33    6    31    22    

34    13    20    29    4    7    

19    28    5    32    21    30    

----------------------------------------
Cach thu 143 de con ma di het ban co : 
36    11    16    25    2    9    

15    26    1    10    17    24    

12    35    14    23    8    3    

27    22    33    6    31    18    

34    13    20    29    4    7    

21    28    5    32    19    30    

----------------------------------------
Cach thu 144 de con ma di het ban co : 
36    11    22    25    2    9    

15    26    1    10    21    24    

12    35    14    23    8    3    

27    16    33    6    31    20    

34    13    18    29    4    7    

17    28    5    32    19    30    

----------------------------------------
Cach thu 145 de con ma di het ban co : 
36    11    24    27    2    9    

23    30    1    10    25    28    

12    35    26    29    8    3    

31    22    33    6    15    18    

34    13    20    17    4    7    

21    32    5    14    19    16    

----------------------------------------
Cach thu 146 de con ma di het ban co : 
36    11    26    29    2    9    

23    30    1    10    25    28    

12    35    24    27    8    3    

31    22    33    6    15    18    

34    13    20    17    4    7    

21    32    5    14    19    16    

----------------------------------------
Cach thu 147 de con ma di het ban co : 
36    11    28    31    2    9    

27    32    1    10    21    30    

12    35    20    29    8    3    

19    26    33    6    15    22    

34    13    24    17    4    7    

25    18    5    14    23    16    

----------------------------------------
Cach thu 148 de con ma di het ban co : 
36    11    22    31    2    9    

23    32    1    10    21    30    

12    35    20    29    8    3    

19    24    33    6    15    28    

34    13    26    17    4    7    

25    18    5    14    27    16    

----------------------------------------
Cach thu 149 de con ma di het ban co : 
36    11    22    31    2    9    

21    32    1    10    23    30    

12    35    20    29    8    3    

19    28    33    6    15    24    

34    13    26    17    4    7    

27    18    5    14    25    16    

----------------------------------------
Cach thu 150 de con ma di het ban co : 
36    11    28    31    2    9    

21    32    1    10    27    30    

12    35    20    29    8    3    

19    22    33    6    15    26    

34    13    24    17    4    7    

23    18    5    14    25    16    

----------------------------------------
Cach thu 151 de con ma di het ban co : 
36    11    26    29    2    9    

25    30    1    10    23    28    

12    35    24    27    8    3    

31    18    33    6    15    22    

34    13    20    17    4    7    

19    32    5    14    21    16    

----------------------------------------
Cach thu 152 de con ma di het ban co : 
36    11    24    27    2    9    

25    30    1    10    23    28    

12    35    26    29    8    3    

31    18    33    6    15    22    

34    13    20    17    4    7    

19    32    5    14    21    16    

----------------------------------------
Cach thu 153 de con ma di het ban co : 
36    11    26    29    2    9    

25    30    1    10    19    28    

12    35    18    27    8    3    

31    24    33    6    15    20    

34    13    22    17    4    7    

23    32    5    14    21    16    

----------------------------------------
Cach thu 154 de con ma di het ban co : 
36    11    20    29    2    9    

21    30    1    10    19    28    

12    35    18    27    8    3    

31    22    33    6    15    26    

34    13    24    17    4    7    

23    32    5    14    25    16    

----------------------------------------
Cach thu 155 de con ma di het ban co : 
36    11    20    29    2    9    

19    30    1    10    21    28    

12    35    18    27    8    3    

31    26    33    6    15    22    

34    13    24    17    4    7    

25    32    5    14    23    16    

----------------------------------------
Cach thu 156 de con ma di het ban co : 
36    11    26    29    2    9    

19    30    1    10    25    28    

12    35    18    27    8    3    

31    20    33    6    15    24    

34    13    22    17    4    7    

21    32    5    14    23    16    

----------------------------------------
Cach thu 157 de con ma di het ban co : 
36    17    22    29    2    15    

23    30    1    16    21    28    

18    35    20    27    14    3    

31    24    33    6    11    8    

34    19    26    9    4    13    

25    32    5    12    7    10    

----------------------------------------
Cach thu 158 de con ma di het ban co : 
36    19    22    29    2    13    

23    30    1    12    21    28    

18    35    20    27    14    3    

31    24    33    6    11    8    

34    17    26    9    4    15    

25    32    5    16    7    10    

----------------------------------------
Cach thu 159 de con ma di het ban co : 
36    23    18    11    2    25    

17    12    1    24    19    10    

22    35    20    9    26    3    

13    16    33    6    29    8    

34    21    14    31    4    27    

15    32    5    28    7    30    

----------------------------------------
Cach thu 160 de con ma di het ban co : 
36    21    18    11    2    27    

17    12    1    28    19    10    

22    35    20    9    26    3    

13    16    33    6    29    8    

34    23    14    31    4    25    

15    32    5    24    7    30    

----------------------------------------
Cach thu 161 de con ma di het ban co : 
36    31    22    11    2    29    

21    12    1    30    23    10    

32    35    24    9    28    3    

13    20    33    6    17    8    

34    25    18    15    4    27    

19    14    5    26    7    16    

----------------------------------------
Cach thu 162 de con ma di het ban co : 
36    27    22    11    2    29    

21    12    1    28    23    10    

26    35    24    9    30    3    

13    20    33    6    17    8    

34    25    18    15    4    31    

19    14    5    32    7    16    

----------------------------------------
Cach thu 163 de con ma di het ban co : 
36    25    22    11    2    27    

21    12    1    26    23    10    

32    35    24    9    28    3    

13    20    33    6    17    8    

34    31    18    15    4    29    

19    14    5    30    7    16    

----------------------------------------
Cach thu 164 de con ma di het ban co : 
36    25    22    11    2    31    

21    12    1    32    23    10    

26    35    24    9    30    3    

13    20    33    6    17    8    

34    27    18    15    4    29    

19    14    5    28    7    16    

----------------------------------------
Cach thu 165 de con ma di het ban co : 
36    31    22    11    2    29    

21    10    1    30    23    12    

32    35    24    9    28    3    

17    20    33    6    13    8    

34    25    18    15    4    27    

19    16    5    26    7    14    

----------------------------------------
Cach thu 166 de con ma di het ban co : 
36    27    22    11    2    29    

21    10    1    28    23    12    

26    35    24    9    30    3    

17    20    33    6    13    8    

34    25    18    15    4    31    

19    16    5    32    7    14    

----------------------------------------
Cach thu 167 de con ma di het ban co : 
36    25    22    11    2    27    

21    10    1    26    23    12    

32    35    24    9    28    3    

17    20    33    6    13    8    

34    31    18    15    4    29    

19    16    5    30    7    14    

----------------------------------------
Cach thu 168 de con ma di het ban co : 
36    25    22    11    2    31    

21    10    1    32    23    12    

26    35    24    9    30    3    

17    20    33    6    13    8    

34    27    18    15    4    29    

19    16    5    28    7    14    

